service_id,date,exception_type
308055,20240908,1
308749,20240908,1
341046,20240909,1
308746,20240909,1
341252,20240909,1
340640,20240909,1
308052,20240909,1
33610,20240909,1
34010,20240909,1
65110,20240909,1
336110,20240909,1
341510,20240909,1
336010,20240910,1
340946,20240910,1
308746,20240910,1
308052,20240910,1
340540,20240910,1
65110,20240910,1
341352,20240910,1
33610,20240910,1
34010,20240910,1
341610,20240910,1
341352,20240911,1
340540,20240911,1
341510,20240911,1
336010,20240911,1
65010,20240911,1
34010,20240911,1
33710,20240911,1
308846,20240911,1
340946,20240911,1
308152,20240911,1
341352,20240912,1
308152,20240912,1
340540,20240912,1
340946,20240912,1
308846,20240912,1
341510,20240912,1
336010,20240912,1
65110,20240912,1
34010,20240912,1
33610,20240912,1
340946,20240913,1
340540,20240913,1
308152,20240913,1
308846,20240913,1
341352,20240913,1
367122,20240913,1
33610,20240913,1
34110,20240913,1
65010,20240913,1
336010,20240913,1
341510,20240913,1
367124,20240914,1
367125,20240915,1
308055,20240915,1
308749,20240915,1
341252,20240916,1
308052,20240916,1
33610,20240916,1
34010,20240916,1
308746,20240916,1
336110,20240916,1
340640,20240916,1
341510,20240916,1
65110,20240916,1
341046,20240916,1
340946,20240917,1
341610,20240917,1
308746,20240917,1
33610,20240917,1
34010,20240917,1
336010,20240917,1
308052,20240917,1
341352,20240917,1
366922,20240917,1
340540,20240917,1
65110,20240917,1
367122,20240918,1
33710,20240918,1
340540,20240918,1
341352,20240918,1
34010,20240918,1
336010,20240918,1
341510,20240918,1
340946,20240918,1
308846,20240918,1
308152,20240918,1
65010,20240918,1
308846,20240919,1
308152,20240919,1
33610,20240919,1
34010,20240919,1
65110,20240919,1
341510,20240919,1
341352,20240919,1
340540,20240919,1
340946,20240919,1
336010,20240919,1
340540,20240920,1
367122,20240920,1
336010,20240920,1
65010,20240920,1
341510,20240920,1
308846,20240920,1
341352,20240920,1
308152,20240920,1
34110,20240920,1
340946,20240920,1
33610,20240920,1
308749,20240922,1
308055,20240922,1
340640,20240923,1
33610,20240923,1
34010,20240923,1
65110,20240923,1
367122,20240923,1
336110,20240923,1
341510,20240923,1
341252,20240923,1
308746,20240923,1
341046,20240923,1
308052,20240923,1
308052,20240924,1
367122,20240924,1
308746,20240924,1
340946,20240924,1
341352,20240924,1
340540,20240924,1
65110,20240924,1
336010,20240924,1
33610,20240924,1
34010,20240924,1
341610,20240924,1
65010,20240925,1
340946,20240925,1
308846,20240925,1
341352,20240925,1
340540,20240925,1
34010,20240925,1
33710,20240925,1
308152,20240925,1
336010,20240925,1
341510,20240925,1
340540,20240926,1
34010,20240926,1
340946,20240926,1
308846,20240926,1
33610,20240926,1
308152,20240926,1
65110,20240926,1
341352,20240926,1
341510,20240926,1
336010,20240926,1
367122,20240926,1
308152,20240927,1
308846,20240927,1
341352,20240927,1
340540,20240927,1
34110,20240927,1
367122,20240927,1
340946,20240927,1
341510,20240927,1
336010,20240927,1
65010,20240927,1
33610,20240927,1
367024,20240928,1
308055,20240929,1
308749,20240929,1
341510,20240930,1
336110,20240930,1
308052,20240930,1
65110,20240930,1
34010,20240930,1
33610,20240930,1
340640,20240930,1
341046,20240930,1
341252,20240930,1
308746,20240930,1
340540,20241001,1
367122,20241001,1
65110,20241001,1
336010,20241001,1
341610,20241001,1
308746,20241001,1
308052,20241001,1
34010,20241001,1
33610,20241001,1
341352,20241001,1
340946,20241001,1
367122,20241002,1
308152,20241002,1
341352,20241002,1
308846,20241002,1
340540,20241002,1
340946,20241002,1
33710,20241002,1
34010,20241002,1
65010,20241002,1
336010,20241002,1
341510,20241002,1
308846,20241003,1
33610,20241003,1
336010,20241003,1
308152,20241003,1
341352,20241003,1
341510,20241003,1
340946,20241003,1
65110,20241003,1
340540,20241003,1
34010,20241003,1
341352,20241004,1
308846,20241004,1
340946,20241004,1
341510,20241004,1
336010,20241004,1
65010,20241004,1
34110,20241004,1
33610,20241004,1
340540,20241004,1
308152,20241004,1
308749,20241006,1
308055,20241006,1
308052,20241007,1
341252,20241007,1
336110,20241007,1
341046,20241007,1
308746,20241007,1
340640,20241007,1
33610,20241007,1
34010,20241007,1
65110,20241007,1
341510,20241007,1
340946,20241008,1
336010,20241008,1
340540,20241008,1
367122,20241008,1
65110,20241008,1
33610,20241008,1
308746,20241008,1
308052,20241008,1
341352,20241008,1
341610,20241008,1
34010,20241008,1
308152,20241009,1
341352,20241009,1
308846,20241009,1
340540,20241009,1
340946,20241009,1
33710,20241009,1
34010,20241009,1
65010,20241009,1
336010,20241009,1
341510,20241009,1
341352,20241010,1
308152,20241010,1
308846,20241010,1
34010,20241010,1
65110,20241010,1
33610,20241010,1
341510,20241010,1
340946,20241010,1
336010,20241010,1
340540,20241010,1
341352,20241011,1
308152,20241011,1
341510,20241011,1
34110,20241011,1
33610,20241011,1
340946,20241011,1
308846,20241011,1
65010,20241011,1
340540,20241011,1
336010,20241011,1
308749,20241013,1
308055,20241013,1
308052,20241014,1
341252,20241014,1
341510,20241014,1
34010,20241014,1
33610,20241014,1
340640,20241014,1
65110,20241014,1
336110,20241014,1
308746,20241014,1
341046,20241014,1
65110,20241015,1
34010,20241015,1
33610,20241015,1
308052,20241015,1
341352,20241015,1
341610,20241015,1
336010,20241015,1
340946,20241015,1
308746,20241015,1
340540,20241015,1
308152,20241016,1
341352,20241016,1
340540,20241016,1
341510,20241016,1
336010,20241016,1
65010,20241016,1
34010,20241016,1
33710,20241016,1
308846,20241016,1
340946,20241016,1
308152,20241017,1
341352,20241017,1
34010,20241017,1
65110,20241017,1
336010,20241017,1
341510,20241017,1
340946,20241017,1
308846,20241017,1
340540,20241017,1
33610,20241017,1
340540,20241018,1
341352,20241018,1
308152,20241018,1
308846,20241018,1
340946,20241018,1
33610,20241018,1
34110,20241018,1
65010,20241018,1
336010,20241018,1
341510,20241018,1
308749,20241020,1
308055,20241020,1
308052,20241021,1
341252,20241021,1
341046,20241021,1
341510,20241021,1
336110,20241021,1
65110,20241021,1
34010,20241021,1
33610,20241021,1
340640,20241021,1
308746,20241021,1
308746,20241022,1
340946,20241022,1
341352,20241022,1
340540,20241022,1
308052,20241022,1
33610,20241022,1
34010,20241022,1
65110,20241022,1
341610,20241022,1
336010,20241022,1
65010,20241023,1
308846,20241023,1
340946,20241023,1
336010,20241023,1
341510,20241023,1
308152,20241023,1
33710,20241023,1
34010,20241023,1
340540,20241023,1
341352,20241023,1
340946,20241024,1
308846,20241024,1
340540,20241024,1
341352,20241024,1
308152,20241024,1
34010,20241024,1
33610,20241024,1
65110,20241024,1
336010,20241024,1
341510,20241024,1
341510,20241025,1
336010,20241025,1
65010,20241025,1
34110,20241025,1
33610,20241025,1
308846,20241025,1
341352,20241025,1
340540,20241025,1
340946,20241025,1
308152,20241025,1
308749,20241027,1
308055,20241027,1
341510,20241028,1
34010,20241028,1
65110,20241028,1
336110,20241028,1
308052,20241028,1
341252,20241028,1
33610,20241028,1
308746,20241028,1
341046,20241028,1
340640,20241028,1
336010,20241029,1
65110,20241029,1
34010,20241029,1
33610,20241029,1
341352,20241029,1
308746,20241029,1
340946,20241029,1
341610,20241029,1
340540,20241029,1
308052,20241029,1
340946,20241030,1
340540,20241030,1
33710,20241030,1
308152,20241030,1
308846,20241030,1
341352,20241030,1
34010,20241030,1
336010,20241030,1
341510,20241030,1
65010,20241030,1
34010,20241031,1
33610,20241031,1
341510,20241031,1
340540,20241031,1
336010,20241031,1
65110,20241031,1
341352,20241031,1
308152,20241031,1
340946,20241031,1
308846,20241031,1
341510,20241101,1
341352,20241101,1
308152,20241101,1
34110,20241101,1
33610,20241101,1
336010,20241101,1
65010,20241101,1
340540,20241101,1
308846,20241101,1
340946,20241101,1
308749,20241103,1
308055,20241103,1
65110,20241104,1
308052,20241104,1
341252,20241104,1
341510,20241104,1
336110,20241104,1
34010,20241104,1
308746,20241104,1
341046,20241104,1
340640,20241104,1
33610,20241104,1
308746,20241105,1
340946,20241105,1
340540,20241105,1
341610,20241105,1
34010,20241105,1
65110,20241105,1
336010,20241105,1
341352,20241105,1
308052,20241105,1
366922,20241105,1
33610,20241105,1
33710,20241106,1
336010,20241106,1
65010,20241106,1
34010,20241106,1
341510,20241106,1
340946,20241106,1
308846,20241106,1
340540,20241106,1
308152,20241106,1
341352,20241106,1
340946,20241107,1
340540,20241107,1
341510,20241107,1
65110,20241107,1
34010,20241107,1
33610,20241107,1
308846,20241107,1
336010,20241107,1
341352,20241107,1
308152,20241107,1
340946,20241108,1
341352,20241108,1
33610,20241108,1
34110,20241108,1
340540,20241108,1
308846,20241108,1
65010,20241108,1
336010,20241108,1
308152,20241108,1
341510,20241108,1
308055,20241110,1
308749,20241110,1
33610,20241111,1
336110,20241111,1
341510,20241111,1
341046,20241111,1
308746,20241111,1
340640,20241111,1
341252,20241111,1
308052,20241111,1
65110,20241111,1
34010,20241111,1
366922,20241112,1
340540,20241112,1
33610,20241112,1
341610,20241112,1
336010,20241112,1
65110,20241112,1
34010,20241112,1
308052,20241112,1
341352,20241112,1
340946,20241112,1
308746,20241112,1
341510,20241113,1
340540,20241113,1
308152,20241113,1
341352,20241113,1
65010,20241113,1
34010,20241113,1
308846,20241113,1
340946,20241113,1
336010,20241113,1
33710,20241113,1
308846,20241114,1
340540,20241114,1
336010,20241114,1
341510,20241114,1
65110,20241114,1
34010,20241114,1
33610,20241114,1
341352,20241114,1
340946,20241114,1
308152,20241114,1
33610,20241115,1
340540,20241115,1
308846,20241115,1
336010,20241115,1
34110,20241115,1
340946,20241115,1
308152,20241115,1
341352,20241115,1
341510,20241115,1
65010,20241115,1
308749,20241117,1
308055,20241117,1
34010,20241118,1
308052,20241118,1
341252,20241118,1
340640,20241118,1
33610,20241118,1
341510,20241118,1
341046,20241118,1
308746,20241118,1
336110,20241118,1
65110,20241118,1
340540,20241119,1
308052,20241119,1
308746,20241119,1
341352,20241119,1
341610,20241119,1
336010,20241119,1
65110,20241119,1
34010,20241119,1
33610,20241119,1
366922,20241119,1
340946,20241119,1
308152,20241120,1
308846,20241120,1
341352,20241120,1
336010,20241120,1
340540,20241120,1
65010,20241120,1
34010,20241120,1
33710,20241120,1
341510,20241120,1
340946,20241120,1
308846,20241121,1
340946,20241121,1
340540,20241121,1
65110,20241121,1
341352,20241121,1
308152,20241121,1
33610,20241121,1
34010,20241121,1
336010,20241121,1
341510,20241121,1
336010,20241122,1
65010,20241122,1
34110,20241122,1
33610,20241122,1
308152,20241122,1
340540,20241122,1
340946,20241122,1
308846,20241122,1
341352,20241122,1
341510,20241122,1
308749,20241124,1
308055,20241124,1
33610,20241125,1
34010,20241125,1
65110,20241125,1
336110,20241125,1
341510,20241125,1
341046,20241125,1
308746,20241125,1
341252,20241125,1
308052,20241125,1
340640,20241125,1
308746,20241126,1
341352,20241126,1
308052,20241126,1
340540,20241126,1
340946,20241126,1
341610,20241126,1
65110,20241126,1
34010,20241126,1
33610,20241126,1
366922,20241126,1
336010,20241126,1
340540,20241127,1
65010,20241127,1
308152,20241127,1
341510,20241127,1
308846,20241127,1
340946,20241127,1
336010,20241127,1
34010,20241127,1
33710,20241127,1
341352,20241127,1
10,20241128,2
13,20241128,1
52,20241128,2
43,20241128,1
55,20241128,1
308155,20241128,1
40,20241128,2
31,20241128,1
46,20241128,2
49,20241128,1
69,20241128,1
28,20241128,2
22,20241128,2
26,20241128,1
16,20241128,2
308849,20241128,1
11,20241129,1
336011,20241129,1
34111,20241129,1
340540,20241129,1
341352,20241129,1
340946,20241129,1
308152,20241129,1
10,20241129,2
308846,20241129,1
308055,20241201,1
308749,20241201,1
341510,20241202,1
336110,20241202,1
65110,20241202,1
33610,20241202,1
340640,20241202,1
341252,20241202,1
341046,20241202,1
308746,20241202,1
34010,20241202,1
308052,20241202,1
308052,20241203,1
341352,20241203,1
340540,20241203,1
366922,20241203,1
308746,20241203,1
340946,20241203,1
341610,20241203,1
336010,20241203,1
65110,20241203,1
34010,20241203,1
33610,20241203,1
65010,20241204,1
341352,20241204,1
308152,20241204,1
308846,20241204,1
340946,20241204,1
34010,20241204,1
340540,20241204,1
341510,20241204,1
336010,20241204,1
33710,20241204,1
340946,20241205,1
308846,20241205,1
341510,20241205,1
336010,20241205,1
65110,20241205,1
34010,20241205,1
308152,20241205,1
341352,20241205,1
33610,20241205,1
340540,20241205,1
340540,20241206,1
308846,20241206,1
33610,20241206,1
341510,20241206,1
65010,20241206,1
336010,20241206,1
308152,20241206,1
341352,20241206,1
34110,20241206,1
340946,20241206,1
308055,20241208,1
308749,20241208,1
341252,20241209,1
340640,20241209,1
34010,20241209,1
65110,20241209,1
336110,20241209,1
341510,20241209,1
308052,20241209,1
33610,20241209,1
341046,20241209,1
308746,20241209,1
65110,20241210,1
341352,20241210,1
33610,20241210,1
34010,20241210,1
341610,20241210,1
308052,20241210,1
336010,20241210,1
366922,20241210,1
340540,20241210,1
308746,20241210,1
340946,20241210,1
336010,20241211,1
340540,20241211,1
341352,20241211,1
33710,20241211,1
34010,20241211,1
65010,20241211,1
308152,20241211,1
341510,20241211,1
308846,20241211,1
340946,20241211,1
33610,20241212,1
341352,20241212,1
34010,20241212,1
308152,20241212,1
340946,20241212,1
65110,20241212,1
341510,20241212,1
340540,20241212,1
308846,20241212,1
336010,20241212,1
33610,20241213,1
34110,20241213,1
65010,20241213,1
336010,20241213,1
341510,20241213,1
308152,20241213,1
341352,20241213,1
308846,20241213,1
340946,20241213,1
340540,20241213,1
308055,20241215,1
308749,20241215,1
341252,20241216,1
65110,20241216,1
34010,20241216,1
33610,20241216,1
340640,20241216,1
308746,20241216,1
341046,20241216,1
308052,20241216,1
336110,20241216,1
341510,20241216,1
34010,20241217,1
65110,20241217,1
340946,20241217,1
336010,20241217,1
340540,20241217,1
33610,20241217,1
341610,20241217,1
341352,20241217,1
366922,20241217,1
308052,20241217,1
308746,20241217,1
65010,20241218,1
341352,20241218,1
308152,20241218,1
340540,20241218,1
340946,20241218,1
308846,20241218,1
341510,20241218,1
33710,20241218,1
34010,20241218,1
336010,20241218,1
340946,20241219,1
308152,20241219,1
340540,20241219,1
308846,20241219,1
341352,20241219,1
33610,20241219,1
34010,20241219,1
65110,20241219,1
336010,20241219,1
341510,20241219,1
308152,20241220,1
308846,20241220,1
340946,20241220,1
34110,20241220,1
341352,20241220,1
340540,20241220,1
65010,20241220,1
336010,20241220,1
341510,20241220,1
33610,20241220,1
308155,20241222,1
308849,20241222,1
308846,20241223,1
340946,20241223,1
341352,20241223,1
308152,20241223,1
340640,20241223,1
10,20241223,2
336111,20241223,1
11,20241223,1
34011,20241223,1
10,20241224,2
340946,20241224,1
366922,20241224,1
308846,20241224,1
308152,20241224,1
34011,20241224,1
341352,20241224,1
340540,20241224,1
336011,20241224,1
11,20241224,1
308849,20241225,1
40,20241225,2
43,20241225,1
31,20241225,1
49,20241225,1
308155,20241225,1
52,20241225,2
22,20241225,2
26,20241225,1
16,20241225,2
19,20241225,1
28,20241225,2
46,20241225,2
55,20241225,1
13,20241225,1
10,20241225,2
10,20241226,2
340946,20241226,1
341352,20241226,1
308152,20241226,1
340540,20241226,1
34011,20241226,1
308846,20241226,1
336011,20241226,1
11,20241226,1
341352,20241227,1
308152,20241227,1
34111,20241227,1
10,20241227,2
340540,20241227,1
340946,20241227,1
308846,20241227,1
11,20241227,1
336011,20241227,1
308849,20241229,1
308155,20241229,1
336111,20241230,1
10,20241230,2
340946,20241230,1
308846,20241230,1
11,20241230,1
340640,20241230,1
341352,20241230,1
308152,20241230,1
34011,20241230,1
11,20241231,1
10,20241231,2
308846,20241231,1
308152,20241231,1
340946,20241231,1
336011,20241231,1
341352,20241231,1
340540,20241231,1
366922,20241231,1
34011,20241231,1
40,20250101,2
46,20250101,2
49,20250101,1
308849,20250101,1
43,20250101,1
55,20250101,1
28,20250101,2
31,20250101,1
13,20250101,1
10,20250101,2
308155,20250101,1
16,20250101,2
26,20250101,1
22,20250101,2
68,20250101,1
52,20250101,2
341352,20250102,1
340540,20250102,1
308152,20250102,1
10,20250102,2
11,20250102,1
336011,20250102,1
34011,20250102,1
308846,20250102,1
340946,20250102,1
340540,20250103,1
308846,20250103,1
308152,20250103,1
340946,20250103,1
34111,20250103,1
336011,20250103,1
11,20250103,1
10,20250103,2
341352,20250103,1
308055,20250105,1
308749,20250105,1
308746,20250106,1
341046,20250106,1
341252,20250106,1
336110,20250106,1
65110,20250106,1
341510,20250106,1
34010,20250106,1
340640,20250106,1
308052,20250106,1
33610,20250106,1
341610,20250107,1
341352,20250107,1
308052,20250107,1
340946,20250107,1
308746,20250107,1
336010,20250107,1
65110,20250107,1
33610,20250107,1
366922,20250107,1
340540,20250107,1
34010,20250107,1
341510,20250108,1
336010,20250108,1
65010,20250108,1
308846,20250108,1
340946,20250108,1
34010,20250108,1
33710,20250108,1
308152,20250108,1
341352,20250108,1
340540,20250108,1
65110,20250109,1
336010,20250109,1
340946,20250109,1
308846,20250109,1
340540,20250109,1
341352,20250109,1
33610,20250109,1
34010,20250109,1
308152,20250109,1
341510,20250109,1
308152,20250110,1
33610,20250110,1
341352,20250110,1
65010,20250110,1
340946,20250110,1
341510,20250110,1
340540,20250110,1
308846,20250110,1
34110,20250110,1
336010,20250110,1
308055,20250112,1
308749,20250112,1
308052,20250113,1
340640,20250113,1
33610,20250113,1
34010,20250113,1
65110,20250113,1
336110,20250113,1
341510,20250113,1
341252,20250113,1
308746,20250113,1
341046,20250113,1
308052,20250114,1
308746,20250114,1
366922,20250114,1
341352,20250114,1
340540,20250114,1
341610,20250114,1
340946,20250114,1
336010,20250114,1
34010,20250114,1
65110,20250114,1
33610,20250114,1
33710,20250115,1
34010,20250115,1
65010,20250115,1
336010,20250115,1
341510,20250115,1
308152,20250115,1
340540,20250115,1
341352,20250115,1
340946,20250115,1
308846,20250115,1
340540,20250116,1
340946,20250116,1
308846,20250116,1
33610,20250116,1
34010,20250116,1
336010,20250116,1
65110,20250116,1
308152,20250116,1
341510,20250116,1
341352,20250116,1
34110,20250117,1
65010,20250117,1
340540,20250117,1
308152,20250117,1
341352,20250117,1
308846,20250117,1
340946,20250117,1
341510,20250117,1
336010,20250117,1
33610,20250117,1
308155,20250119,1
308849,20250119,1
340640,20250120,1
308846,20250120,1
336111,20250120,1
341352,20250120,1
34011,20250120,1
308152,20250120,1
10,20250120,2
340946,20250120,1
11,20250120,1
308846,20250121,1
340540,20250121,1
33610,20250121,1
341352,20250121,1
308152,20250121,1
341610,20250121,1
366922,20250121,1
340946,20250121,1
34010,20250121,1
65110,20250121,1
336010,20250121,1
34010,20250122,1
33710,20250122,1
65010,20250122,1
341510,20250122,1
340540,20250122,1
340946,20250122,1
308846,20250122,1
341352,20250122,1
336010,20250122,1
308152,20250122,1
341352,20250123,1
336010,20250123,1
65110,20250123,1
340540,20250123,1
34010,20250123,1
33610,20250123,1
308846,20250123,1
340946,20250123,1
341510,20250123,1
308152,20250123,1
341510,20250124,1
336010,20250124,1
65010,20250124,1
340946,20250124,1
34110,20250124,1
341352,20250124,1
308152,20250124,1
308846,20250124,1
340540,20250124,1
33610,20250124,1
308055,20250126,1
308749,20250126,1
340640,20250127,1
308746,20250127,1
34010,20250127,1
65110,20250127,1
336110,20250127,1
341510,20250127,1
308052,20250127,1
341252,20250127,1
33610,20250127,1
341046,20250127,1
340946,20250128,1
341352,20250128,1
340540,20250128,1
366922,20250128,1
308746,20250128,1
336010,20250128,1
65110,20250128,1
34010,20250128,1
33610,20250128,1
341610,20250128,1
308052,20250128,1
340540,20250129,1
340946,20250129,1
308152,20250129,1
341510,20250129,1
336010,20250129,1
65010,20250129,1
34010,20250129,1
33710,20250129,1
308846,20250129,1
341352,20250129,1
308846,20250130,1
341352,20250130,1
340540,20250130,1
340946,20250130,1
341510,20250130,1
336010,20250130,1
65110,20250130,1
34010,20250130,1
33610,20250130,1
308152,20250130,1
340540,20250131,1
341352,20250131,1
340946,20250131,1
308152,20250131,1
341510,20250131,1
336010,20250131,1
34110,20250131,1
33610,20250131,1
308846,20250131,1
65010,20250131,1
308749,20250202,1
308055,20250202,1
33610,20250203,1
65110,20250203,1
341046,20250203,1
308746,20250203,1
308052,20250203,1
341252,20250203,1
340640,20250203,1
34010,20250203,1
336110,20250203,1
341510,20250203,1
341610,20250204,1
340946,20250204,1
308746,20250204,1
33610,20250204,1
34010,20250204,1
336010,20250204,1
308052,20250204,1
65110,20250204,1
340540,20250204,1
341352,20250204,1
366922,20250204,1
308152,20250205,1
341352,20250205,1
308846,20250205,1
340540,20250205,1
340946,20250205,1
341510,20250205,1
33710,20250205,1
34010,20250205,1
65010,20250205,1
336010,20250205,1
341510,20250206,1
34010,20250206,1
33610,20250206,1
308152,20250206,1
341352,20250206,1
308846,20250206,1
340946,20250206,1
65110,20250206,1
336010,20250206,1
340540,20250206,1
341352,20250207,1
308152,20250207,1
341510,20250207,1
336010,20250207,1
65010,20250207,1
34110,20250207,1
33610,20250207,1
340540,20250207,1
340946,20250207,1
308846,20250207,1
308749,20250209,1
308055,20250209,1
308052,20250210,1
341252,20250210,1
340640,20250210,1
65110,20250210,1
336110,20250210,1
341510,20250210,1
34010,20250210,1
33610,20250210,1
308746,20250210,1
341046,20250210,1
336010,20250211,1
366922,20250211,1
34010,20250211,1
33610,20250211,1
341352,20250211,1
308746,20250211,1
340946,20250211,1
65110,20250211,1
341610,20250211,1
340540,20250211,1
308052,20250211,1
340540,20250212,1
340946,20250212,1
341510,20250212,1
308846,20250212,1
308152,20250212,1
33710,20250212,1
34010,20250212,1
65010,20250212,1
336010,20250212,1
341352,20250212,1
308152,20250213,1
341352,20250213,1
340540,20250213,1
341510,20250213,1
336010,20250213,1
65110,20250213,1
34010,20250213,1
33610,20250213,1
308846,20250213,1
340946,20250213,1
340946,20250214,1
34110,20250214,1
33610,20250214,1
308846,20250214,1
336010,20250214,1
341510,20250214,1
340540,20250214,1
308152,20250214,1
341352,20250214,1
65010,20250214,1
308849,20250216,1
308155,20250216,1
34011,20250217,1
336111,20250217,1
10,20250217,2
341352,20250217,1
11,20250217,1
308152,20250217,1
340946,20250217,1
308846,20250217,1
366922,20250218,1
308152,20250218,1
341352,20250218,1
341610,20250218,1
336010,20250218,1
65110,20250218,1
34010,20250218,1
33610,20250218,1
308846,20250218,1
340946,20250218,1
33710,20250219,1
34010,20250219,1
65010,20250219,1
336010,20250219,1
341510,20250219,1
340946,20250219,1
341352,20250219,1
308152,20250219,1
308846,20250219,1
341352,20250220,1
340946,20250220,1
308846,20250220,1
341510,20250220,1
336010,20250220,1
65110,20250220,1
34010,20250220,1
308152,20250220,1
33610,20250220,1
340946,20250221,1
341510,20250221,1
336010,20250221,1
65010,20250221,1
34110,20250221,1
33610,20250221,1
308846,20250221,1
308152,20250221,1
341352,20250221,1
